87,63,45,41,37,19,18,88,97,28,89,53,33,22,11,67,34
84,69,45,11,22,37,97,94,17,99,36,35,24,72,15,85,21,26,46
77,32,69,11,94,74,35
46,67,74,26,99,35,13,21,36,71,72,39,12
97,17,99,36,35,71,15,85,13,26,46,49,43
68,22,45,81,94,33,74,18,11,19,41,71,69,97,84,17,24,35,89,32,99,36,37
17,49,74,39,16,46,24,81,26
13,64,88,49,16,21,46,23,12,75,53,85,77,62,71
33,18,41,68,69,45,11,22,37,97,81,17,99,36,24,72,71
49,64,43,75,53,67,34,66,28,77,63,19,18,41,32,89,84
35,36,24,21,72,75,49,46,74,81,39
23,88,77,19,84,11,74
11,33,88,84,45,66,22,89,87,41,17
77,63,33,18,41,32,84,69,45,37,97,81,74,99,36
64,66,13,28,67,16,91,23,12,75,85,53,87,49,43
81,19,89,17,11,36,99,69,18,63,22,97,41,84,77,87,74,45,33,37,32,35,94
97,33,69,66,32,28,45,11,19,63,84,18,81,23,77,22,68,67,89,34,88,37,87
16,64,43,75,91,53,67,34,66,23,28,88,77,63,87,33,19,18,41,32,89,84,69
66,28,88,63,41,32,69,45,22,37,97,81,17
16,91,34,66,23,28,88,77,33,19,32,89,84,68,69
72,43,91,26,62,46,23,21,13,34,85,66,24,75,35,67,16
36,72,71,15,21,16,43,91,67,34,66
23,63,89,37,81
12,91,33,43,13,21,87,88,67,46,34,28,23,75,77
33,18,41,22,37,97,99,35,71
21,64,75,34,23,28,77
19,89,45,15,71,22,69
99,26,12,62,64
37,97,81,94,17,74,99,36,35,15,85,13,26,46,39,12,49,16,64
85,13,21,46,12,49,62,43,75,91,67,23,28,88,77
91,53,66,23,28,88,63,18,89,84,45,11,22
64,91,21,53,12,99,46,72,71,36,17,16,39,62,24,85,35,43,74,26,15,49,13
24,72,71,15,85,13,21,26,46,39,12,49,62,16,64,43,75,91,67,34,66,23,28
84,69,11,97,94,15,46
16,75,67,53,87,89,12,64,23
13,71,11,45,84,81,89,68,22,69,21,99,17,26,94
28,45,34,19,63,97,77
66,11,53,87,68,23,22,33,75,77,45,84,69,34,89,28,32,41,91
23,28,88,77,63,87,19,18,41,32,89,84,68,69,45,11,22,37,81,17,74
37,81,17,74,24,85,46,49,64
28,67,24,64,43,15,53
19,18,41,32,68,45,11,22,37,81,17,99,36,35,24,71,15
68,11,17,36,21
33,18,67,34,66,23,64,12,16,39,88,62,53,49,28,77,43,75,19,87,32
17,37,15,11,74,81,32,68,35,36,89,85,84,94,71,13,22,21,24,99,97
85,21,62,67,34,88,87
62,13,72,15,16,17,21,71,94,35,97,24,36,12,49,74,64
28,87,33,41,84,68,11,74,99
13,26,46,39,12,49,62,16,64,75,91,53,67,34,66,23,28,88,77,87,33
16,64,43,75,91,67,34,66,23,28,88,77,63,87,33,19,18,41,89,84,68
41,32,89,45,11,22,81,94,17,74,99,24,71,85,13
74,99,36,35,24,72,71,85,13,21,39,12,49,62,16,43,75,53,67
91,17,36,62,13,53,16,99,39
66,23,28,88,77,63,87,33,19,18,41,89,45,11,17
66,33,67,91,68,53,75
87,33,19,41,32,89,84,68,45,11,22,37,81,94,17,74,99,36,35,24,72
18,84,22,37,34,89,28,33,19,23,11,87,63,41,69,68,81,88,32,94,97,77,66
15,26,12,13,75,62,71,46,85,72,64,16,35,81,99,21,94,39,17,24,49,43,36
63,41,66,87,19,28,39,33,49,64,18
13,71,53,39,23,15,16,24,72,28,46
39,35,36,26,21,12,94,99,71,15,13,81,85,97,11,37,72,46,74,22,49,17,62
53,34,66,28,88,77,63,87,33,19,18,41,32,89,84,68,69,45,11,22,97
17,74,45,32,35,13,11,37,21,94,89,36,22,99,85
37,18,28,68,17,84,88,81,94,87,77
88,68,63,18,77,64,67,41,32,23,91,75,89,87,19,45,66,84,69,33,43
37,18,41,84,63,88,33,91,66,67,68,89,22,77,23,28,53,11,45,19,69
11,37,22,85,24,69,99,94,46,97,17,15,45,36,35,71,39,21,13
17,21,49,35,15,36,16
35,72,36,85,74,37,26,69,22,24,71,94,11,81,17,84,13,97,45,89,99
84,22,37,97,81,94,17,36,35,72,46
99,36,35,24,72,71,15,85,21,46,39,12,49,62,16,43,91
72,12,35,17,99,36,53
53,67,34,66,23,28,88,63,87,33,19,18,41,89,69,45,22,37,97
71,94,69,36,85,12,72
32,63,34,39,91,66,67,87,16
84,63,87,77,68,23,53,32,75,91,33,19,11,34,22,18,45,67,89,69,88
75,53,67,34,66,23,28,88,63,87,33,18,41,32,84,45,11
74,99,36,24,71,15,85,26,46,39,62,16,43,75,91,53,67
81,69,87,36,45,99,84,32,18,35,22,24,63,89,11,74,97
87,49,53,39,41,28,19,16,66,77,64,46,12,34,67,18,75,33,63,91,62
43,91,53,67,23,87,84,45,11
84,41,74,94,99,72,87,37,18,97,32
89,35,94,72,17,87,11
28,81,89,87,68,94,69,74,84,63,97,23,17,18,41,32,22,77,37,88,11
89,22,97,94,99,72,71,15,85
71,85,13,46,49,16,43,34,66,23,88
28,88,77,63,87,33,19,18,41,32,89,84,68,69,45,11,37,97,81,94,17,74,99
62,46,43,21,24,35,49,12,17,94,36,16,85,75,91
45,22,37,97,81,17,74,99,35,72,85,26,46,39,49
12,49,16,64,43,75,91,53,67,34,66,23,77,63,87,33,18,32,89
12,74,15,94,69,22,24
39,17,24,16,36,62,22,37,85,74,12,49,71,46,26,94,13,99,21,81,35
72,71,85,46,12,49,16,43,75,91,53,67,66,28,88
75,91,53,67,34,66,23,28,63,33,18,68,69,11,22
91,23,34,49,66
41,63,66,16,77,64,49,28,91,75,43,67,88,84,87,89,53,19,62,18,34
24,72,13,12,49,62,75,23,28
74,99,24,15,13,39,12,16,64,43,67
89,32,23,63,11,28,45,41,22,87,75,91,18,19,66
18,74,11,69,77,37,36,94,35,81,19
35,21,26,46,49,64,75,91,53,67,23
11,22,97,81,17,36,72,15,21,26,46,39,12,49,62
64,41,69,19,77,84,45
84,45,37,74,99,36,72,21,46
64,49,66,75,28,84,53
69,11,22,81,74,99,36,24,71,26,46,39,12
32,66,37,87,69,97,23,34,89,41,22,67,53,11,88,19,77
67,34,66,23,77,87,33,19,18,41,32,84,68,69,11,22,81
91,43,46,88,72,75,49,13,67,15,21,66,64,53,62,71,12
37,81,74,24,85,26,46,39,64
74,99,36,46,12,43,91
26,49,62,43,91,53,34,88,77,33,18
62,72,21,67,85,64,12,53,74,13,71,75,39,24,15,43,16,26,46,91,99
88,87,19,18,84,69,81
17,74,35,24,72,71,15,13,26,46,39,12,49,62,16,64,43,75,53
49,62,16,64,43,91,53,67,34,66,23,28,88,77,63,87,33,19,18,41,32,89,84
53,67,34,66,28,88,77,63,87,33,19,18,41,32,89,69,45,11,22,37,97
45,74,68,24,37,13,41,15,35,17,11
62,64,16,12,32,89,91
68,69,11,22,37,97,81,94,99,24,72,71,15,85,13,46,39
63,87,32,84,68,22,37,94,17,74,99
22,37,97,17,36,35,85,13,26,46,16
22,81,26,11,45,69,46,72,84,37,21,13,15
33,19,77,81,28,18,41,34,89,23,63,67,11,87,37,66,68,97,22
43,75,91,67,34,66,23,28,88,77,63,87,33,19,18,32,84,68,69,45,11
69,45,11,22,37,97,81,17,74,99,36,24,72,71,15,85,13,26,46,39,12
49,62,16,64,43,75,53,67,66,23,88,87,33,32,89
64,43,75,91,53,67,34,23,28,88,77,63,87,19,32,89,84,68,45
23,88,63,18,89,84,22,81,94
26,39,49,62,64,43,53,34,23,28,63,87,18
66,23,28,88,77,63,87,33,19,18,41,32,84,68,69,45,11,22,37,97,81,94,17
18,94,89,36,35,22,77,74,99,19,69,97,63
35,24,94,32,85,36,69,15,37,81,97,11,74,72,17,45,22
11,37,94,99,24,15,85,21,26,49,62
66,18,88,32,64,75,34,43,23,62,63,84,19,87,89,53,33
12,49,62,16,64,43,53,67,34,66,23,28,88,77,63,19,18,32,89
19,41,89,84,37,81,74,36,24,71,15
41,37,74,99,36,15,13
17,22,46,69,94,81,74,68,99,36,85,21,45
34,66,33,18,11,97,94
32,84,68,11,22,94,24,71,85
94,17,74,99,36,35,72,71,85,13,21,26,46,39,12,49,62,16,64,43,91
15,85,13,21,26,46,39,12,49,62,16,64,43,75,53,67,34,66,23,28,88,77,63
74,99,35,24,72,71,15,85,13,21,26,39,49,64,75,53,67
97,37,81,41,88,19,77,45,36,84,89,69,94,87,22,33,17
69,45,22,37,97,81,17,74,99,36,35,72,15,85,13,21,26,46,39
67,63,22,28,53,37,34
21,71,26,16,62,35,46,39,17,36,72,43,64,24,75,13,99,15,49,94,12,74,81
39,12,49,62,64,43,91,67,66,23,28,88,63,87,33,19,32
77,88,67,46,53,26,12,39,16,75,33,62,66,13,63,49,34,64,87,21,91
41,11,34,89,19,69,32,91,53,28,67,45,84,37,33,18,23
39,77,49,23,66
45,36,17,89,74
45,11,74,99,24,71,13,12,49
66,23,28,88,77,63,87,33,32,89,68,69,45,11,22,37,97,81,17
19,18,41,32,89,68,11,37,97,81,17,74,99,36,35,24,72,71,15
23,77,91,16,12,39,63,75,64,66,32,67,33
67,34,88,77,63,33,18,41,32,89,84,68,69,45,11,22,37,97,81
97,81,94,17,74,99,36,35,24,72,71,15,85,13,21,46,39,12,49,62,16,64,43
69,68,37,18,77,99,17,97,84,81,63,32,45,35,94,19,89,87,41
75,34,43,46,21,62,15,16,88,91,67,23,77,26,13,64,85,63,39
28,88,33,19,41,89,84,68,69,45,11,22,97
49,62,16,64,75,91,67,34,23,28,63,33,84
19,18,41,32,89,84,68,69,45,11,22,37,97,81,74,36,35,24,72,71,15
33,41,99,71,74,19,11
77,45,41,53,23,69,64,87,75
63,81,68,23,77,11,19,41,34,28,45,18,94
87,11,53,32,33,63,18,22,23,69,91,34,68,67,89,75,45,77,66,28,19
18,41,89,84,37,97,94,17,74,36,35,24,71,15,85
71,24,21,74,94,64,17,91,49
62,16,64,43,53,67,28,77,63,87,33,19,18,41,89,84,68
28,88,77,63,87,33,19,18,41,32,89,84,68,45,11,22,37,97,81,94,17,74,99
21,26,46,39,12,49,16,64,43,75,91,53,67,34,28,88,77,63,87,33,19
43,75,91,23,19,18,41,32,89,84,11
81,22,45,84,89,41,77,35,33
69,45,11,22,37,97,81,94,17,74,99,36,24,72,71,15,85,13,21,26,46,39,12
75,49,28,66,88,41,12,23,91,53,32,67,19,64,43,39,87,16,33,62,18,77,34
88,77,63,19,32,89,84,68,69,45,11,22,37,97,36
64,75,66,62,21,34,36
99,26,46,34,12,53,36,75,62,13,24
21,26,46,39,49,64,43,75,91,67,23,88,77,63,87,33,19
19,18,32,68,11,22,97,74,99,35,72,71,15
32,89,22,97,94,17,74,99,36,24,15
67,34,23,28,88,77,63,87,19,18,41,89,84,68,69,45,11,22,37,97,81
53,49,75,13,46,71,26,62,85,67,28,88,43,91,77,21,16,66,23,12,15